28
31
31
30
26
22
17
13
10
10
11
14
16
18
17
15
10
5
-1
-6
-10
-11
-10
-8
-6
-5
-5
-7
-11
-16
-21
-26
-28
-29
-27
-24
-21
-18
-16
-16
-19
-22
-26
-29
-30
-29
-26
-21
-16
-11
-8
-6
-7
-9
-11
-13
-13
-12
-8
-2
4
9
13
15
15
14
11
9
8
9
12
16
22
26
30
31
30
27
23
19
17
16
17
19
23
26
28
27
25
21
15
10
5
3
2
4
6
8
9
8
5
0
-5
-11
-16
-19
-20
-18
-16
-13
-12
-11
-13
-17
-22
-26
-30
-32
-31
-29
-25
-21
-17
-15
-15
-16
-19
-22
-24
-25
-23
-19
-14
-8
-3
0
2
2
-0
-2
-4
-4
-2
2
7
13
18
22
23
23
20
17
15
14
14
17
21
25
29
32
32
30
26
21
17
14
13
13
15
18
21
22
20
17
12
6
1
-4
-6
-6
-5
-3
-1
-0
-1
-4
-9
-15
-20
-24
-26
-26
-24
-21
-18
-16
-15
-17
-20
-24
-28
-31
-31
-30
-26
-22
-17
-13
-10
-10
-11
-14
-16
-18
-17
-15
-10
-5
1
6
10
11
10
8
6
5
5
7
11
16
21
26
28
29
27
24
21
18
16
16
19
22
26
29
30
29
26
21
16
11
8
6
7
9
11
13
13
12
8
2
-4
-9
-13
-15
-15
-14
-11
-9
-8
-9
-12
-16
-22
-26
-30
-31
-30
-27
-23
-19
-17
-16
-17
-19
-23
-26
-28
-27
-25
-21
-15
-10
-5
-3
-2
-4
-6
-8
-9
-8
-5
-0
5
11
16
19
20
18
16
13
12
11
13
17
22
26
30
32
31
29
25
21
17
15
15
16
19
22
24
25
23
19
14
8
3
-0
-2
-2
0
2
4
4
2
-2
-7
-13
-18
-22
-23
-23
-20
-17
-15
-14
-14
-17
-21
-25
-29
-32
-32
-30
-26
-21
-17
-14
-13
-13
-15
-18
-21
-22
-20
-17
-12
-6
-1
4
6
6
5
3
1
0
1
4
9
15
20
24
26
26
24
21
18
16
15
17
20
24
28
31
31
30
26
22
17
13
10
10
11
14
16
18
17
15
10
5
-1
-6
-10
-11
-10
-8
-6
-5
-5
-7
-11
-16
-21
-26
-28
-29
-27
-24
-21
-18
-16
-16
-19
-22
-26
-29
-30
-29
-26
-21
-16
-11
-8
-6
-7
-9
-11
-13
-13
-12
-8
-2
4
9
13
15
15
14
11
9
8
9
12
16
22
26
30
31
30
27
23
19
17
16
17
19
23
26
28
27
25
21
15
10
5
3
2
4
6
8
9
8
5
0
-5
-11
-16
-19
-20
-18
-16
-13
-12
-11
