3
-12
-17
-14
-7
-1
-1
-6
-12
-14
-9
3
18
29
31
22
5
-15
-30
-37
-37
-33
-32
-35
-43
-50
-51
-42
-22
3
26
42
48
45
39
34
34
38
42
39
28
10
-10
-25
-31
-25
-13
1
10
11
7
1
-1
3
11
19
20
11
-7
-29
-47
-57
-56
-48
-37
-29
-25
-25
-24
-16
0
22
44
60
64
57
43
28
18
15
16
16
11
1
-14
-26
-31
-25
-10
7
21
26
22
12
1
-5
-5
-3
-2
-8
-22
-40
-57
-66
-63
-49
-30
-11
1
7
9
13
21
35
50
62
63
54
35
15
-2
-10
-9
-4
-0
-1
-8
-15
-20
-16
-4
12
26
32
27
13
-5
-20
-28
-29
-27
-27
-32
-42
-53
-58
-53
-36
-13
11
30
39
39
36
33
36
42
48
48
39
22
1
-18
-27
-25
-16
-4
5
6
3
-3
-4
1
11
21
25
20
4
-17
-37
-49
-52
-47
-39
-33
-32
-34
-35
-29
-14
8
32
51
60
57
47
34
26
23
24
25
20
8
-8
-23
-32
-29
-17
-0
14
22
20
12
4
-1
0
4
7
2
-11
-30
-50
-63
-64
-55
-39
-23
-11
-5
-3
1
10
26
44
59
66
60
45
26
9
-1
-2
1
3
1
-7
-17
-24
-22
-11
5
22
31
30
19
3
-11
-19
-20
-19
-20
-26
-38
-52
-61
-61
-48
-27
-4
16
27
30
29
29
34
43
52
55
49
33
12
-8
-21
-23
-16
-7
1
2
-2
-7
-9
-3
8
21
29
27
14
-6
-26
-40
-45
-43
-38
-34
-35
-40
-44
-41
-29
-7
18
40
53
54
48
38
31
30
32
33
29
18
0
-18
-30
-31
-22
-7
7
16
16
10
4
0
3
9
14
12
0
-19
-40
-56
-62
-58
-45
-31
-21
-16
-14
-11
-2
14
35
54
65
64
52
35
19
9
6
8
9
5
-5
-17
-26
-27
-19
-3
15
27
29
22
9
-3
-11
-12
-11
-11
-18
-31
-48
-61
-65
-57
-40
-18
2
14
19
20
22
29
41
53
60
58
44
24
3
-12
-17
-14
-7
-1
-1
-6
-12
-14
-9
3
18
29
31
22
5
-15
-30
-37
-37
-33
-32
-35
-43
-50
-51
-42
-22
3
26
42
48
45
39
34
34
38
42
39
28
10
-10
-25
-31
-25
-13
1
10
11
7
1
-1
3
11
19
20
11
-7
-29
-47
-57
-56
-48
-37
-29
-25
-25
-24
-16
0
22
44
60
64
57
43
28
18
15
16
16
11
1
-14
-26
-31
-25
-10
7
21
26
22
12
1
-5
-5
-3
-2
-8
-22
-40
-57
-66
-63
-49
-30
-11
1
7
9
13
